Number of mode, begin and end of frequency(cm-1), step size(cm-1), damp(cm-1), ipolar(0 or 1), and ifresnel(0 or 1):
7 2500 4000 1.0 3.0 0 0
Frequencies (cm-1) and reduced masses (amu):
508.3905	4.1694
523.1781	3.8777
542.7649	3.5755
551.1053	4.2800
575.6447	3.4123
592.7691	4.1334
618.8403	6.4071
Dipole moment derivatives wrt normal modes (units is different in Gaussian [(km/mol)^1/2] and CP2K (au) output):
x          y        z
   -6.08480D-01    5.22991D-04    6.41462D-04
    8.85636D-01   -1.61402D-03   -1.83007D-03
    2.73141D-03    8.77206D-01   -3.80824D+00
    9.16995D-01   -1.61242D-03    1.20726D-04
    1.23186D-03    1.10945D+00   -4.55827D+00
   -3.66237D-01    7.66310D-04   -2.23828D-03
   -6.06800D-01    1.54544D-03   -1.83520D-04
Polarizability derivatives (A^2*amu^(-1/2)), order xx xy xz yx yy yz zx zy zz:
   0.505013D-04   0.920429D-01   0.172582D+00
   0.920429D-01  -0.820289D-03  -0.360355D-03
   0.172582D+00  -0.360355D-03  -0.179846D-03
  -0.151636D-03  -0.336961D+00  -0.122407D+00
  -0.336961D+00   0.191759D-02   0.401100D-03
  -0.122407D+00   0.401100D-03  -0.812189D-04
   0.969913D+00  -0.647286D-03   0.650510D-03
  -0.647286D-03   0.511367D+00   0.329506D+00
   0.650510D-03   0.329506D+00   0.221797D+00
  -0.373639D-04  -0.212682D+00  -0.749254D-01
  -0.212682D+00   0.133504D-02   0.113436D-03
  -0.749254D-01   0.113436D-03   0.235613D-04
  -0.678866D+00   0.109662D-02  -0.367333D-03
   0.109662D-02  -0.150333D+00  -0.233437D+00
  -0.367333D-03  -0.233437D+00  -0.929279D-01
  -0.110252D-02  -0.151404D-01  -0.797234D-01
  -0.151404D-01  -0.809218D-03  -0.102817D-03
  -0.797234D-01  -0.102817D-03  -0.244143D-03
  -0.533860D-03  -0.914849D-01   0.179723D+00
  -0.914849D-01   0.351207D-03  -0.398116D-03
   0.179723D+00  -0.398116D-03  -0.163783D-04
