Number of mode, begin and end of frequency(cm-1), step size(cm-1), damp(cm-1), ipolar(0 or 1), and ifresnel(0 or 1):
6 2500 4000 1.0 3.0 0 0
Frequencies (cm-1) and reduced masses (amu):
737.4619	5.5400
739.9680	3.9270
744.6324	1.2951
764.5445	1.4563
774.2890	6.5189
780.3994	5.9938
Dipole moment derivatives wrt normal modes (units is different in Gaussian [(km/mol)^1/2] and CP2K (au) output):
x          y        z
    1.13279D+00   -3.06081D-05   -2.05199D-05
    3.86519D-05    1.26269D+00   -9.30927D-06
    4.49844D-06    1.40090D+00    1.73257D-05
    4.74208D-06    1.05467D-05   -6.67297D-01
    8.73493D-01    6.41316D-06    1.04062D-05
   -1.31809D-05   -8.22400D-02   -1.18937D-05
Polarizability derivatives (A^2*amu^(-1/2)), order xx xy xz yx yy yz zx zy zz:
   0.000000D+00   0.000000D+00   0.174187D+00
   0.000000D+00  -0.235361D-05  -0.108991D-04
   0.174187D+00  -0.108991D-04   0.000000D+00
   0.232577D-05  -0.203823D-05   0.778416D-05
  -0.203823D-05  -0.100429D-05   0.255414D+00
   0.778416D-05   0.255414D+00   0.000000D+00
   0.119866D-04   0.594231D-05  -0.254697D-05
   0.594231D-05   0.151603D-04  -0.846310D-01
  -0.254697D-05  -0.846310D-01   0.000000D+00
  -0.440783D+00   0.534682D-05   0.000000D+00
   0.534682D-05  -0.367099D+00   0.000000D+00
   0.000000D+00   0.000000D+00  -0.101737D+00
  -0.207903D-05  -0.646679D-05   0.793206D-01
  -0.646679D-05  -0.185355D-05  -0.176557D-05
   0.793206D-01  -0.176557D-05  -0.124149D-05
  -0.115932D-04  -0.133339D-04  -0.134189D-05
  -0.133339D-04   0.335761D-05  -0.238678D+00
  -0.134189D-05  -0.238678D+00   0.107540D-05
